1 2
2 2
40 3
42 3
43 2
44 2
45 2
46 2
47 2
48 2
49 2
50 1
54 2
89 2
90 2
91 2
93 2
94 2
95 2
96 2
97 2
98 2
99 3
100 2
101 2
102 2
103 2
104 2
105 2
106 2
107 2
108 2
109 3
110 2
111 3
112 3
113 2
114 2
115 3
116 3
117 4
118 3
119 3
120 3
121 4
122 3
123 4
124 4
125 4
127 4
128 3
129 4
130 4
131 4
132 4
133 4
134 4
135 3
136 4
137 4
138 4
140 3
141 4
142 4
143 6
145 4
146 4
147 3
148 4
149 4
150 3
151 3
154 4
156 4
157 3
158 4
161 6
162 6
164 4
165 6
166 6
167 4
168 4
170 3
172 2
174 4
175 3
177 4
178 4
180 4
181 4
187 4
188 6
190 4
191 4
192 4
196 3
197 4
200 4
201 3
202 4
203 4
204 4
205 4
206 3
207 4
208 3
209 3
210 3
211 4
212 4
214 4
215 4
216 4
217 3
218 4
224 6
226 3
227 3
228 4
231 4
235 4
237 5
238 4
239 5
240 4
241 4
242 3
244 4
245 4
246 4
247 4
248 5
249 5
250 5
251 5
252 5
253 5
254 4
256 5
257 3
258 5
259 5
260 4
261 4
263 4
264 4
266 4
267 5
268 3
269 5
270 5
271 4
273 4
275 4
277 5
278 5
281 5
282 4
283 4
286 4
288 3
289 4
290 4
292 6
294 6
295 4
296 5
297 4
298 4
299 5
300 4
304 4
305 5
306 4
307 5
309 6
310 3
311 4
312 3
313 4
314 4
315 5
317 3
318 5
319 2
320 4
321 4
322 5
323 4
324 4
325 4
326 4
327 5
328 5
329 5
331 5
333 5
334 5
335 5
336 4
337 5
338 5
339 5
340 5
341 4
342 4
343 5
344 5
345 4
346 6
347 6
348 4
349 4
350 5
351 4
352 5
353 5
354 4
355 4
356 5
357 5